Cache of repos I own / collaborate on / am a member of

repository (hashed)  total commits  my commits  LoC added by me  LoC deleted by me
         \                \                \           \______________    \
          \                \                \_______________________  \    \
           \                \___________________________________    \  \    \
____________\___________________________________________________\____\__\____\____
5db69b6c46eca34fd38e96660ed503823b1ccd1f779bda24c1325089ac1bc7b4 1732 76 7253 2490
626411f243ae63db01918f584be2db1961e54cc39a55d32f4ea5ae6433ef7f5b 74 8 6 5
b1cd07e421d904317f7f630da6c671b6149277ccde4c7915b6cc7645ea1daa52 8 8 665 3
1df27fbbb6139ca73212605682f3d8c9869584939eff558428cc009c6e419962 179 0 0 0
f5bfd2d8344022e6574e0cb827d046ce9b0e6297671a6ebb5cd84dd6d16be486 34 0 0 0
f3231b34b682ad3facbbb143cb808ae6c284dd202ee9aae5c212c03f3225ea66 51 0 0 0
b5abee03c6bdcab82bab89c04cc2dad12acd5f770ec8745e3ff5bcbaf0e61a8b 79 79 1341 293
86a0edcb56569c6a0df72990ff16cc56d6735c8a56af7e767b645b4962d58e94 33 30 2533 1664
a0691b5f61530e244ab2d08703441e5de3bbc499a4bcda61da504eb73621f444 1 1 21703 0
9ec9e249b24ee76f5532bed4303f33fad55b450aa9aa86d327235e6a1b07c1aa 615 0 0 0
e7712304de6917cc460638ee27bfe86cd84290e76592db8217448c2c86e368a8 4 3 1290 70
957c29d4be741604a6976cb1b0738eba14edec885d4a634c68eee29977f29e2f 10 10 95 13
cdddcc8bc3bd7bae0ff8300c2d3109d8a62a1d027a9da25a19adeafd247ca7ca 53 0 0 0
8b68b87c30e2e4b96878cae58113584d83ffc213a647e58d1aba38b0a70659d8 39 5 19 35
c32fa4321db669f278a9f08bb28167a97e2ee2fd1b40791d8f2a00d41db462e5 29 29 150 64
74b929b28dbcdcae54ac8eb2ae2ccfbeffec97acf7030f5dc565f1a541992be8 2 2 7527 0
33f9fc82a8290a815ffc1a77469feb154e9ecd39aa3a1f5d214cad6eae391a5c 6 6 38 4
5e47e451bc819b68760fdc44715be5cdae6f9c366506e61de70f8094647e82ed 27 0 0 0
9d3240a5812ce7c54c95ccedea2c5d7880a7428374aa0fbac4f45c5fce95292a 90 4 25 199
66d99a62747870a64fefd3a1e884aece4e1cec2b1c096e349e08586527048ea8 0 0 0 0
7ea686abcf83931f206d7cd162a82fe4dd20987396f956b2a67fd240bfc83a96 9 9 538 12
cdaefa07bdc43004088ba281183366db155e48285140d5455518a409cebcc53e 3 3 253 1
332ec3362f6eee6230e58a758e2978daef6e74b77157cc2bb36e73e9a11aaf68 103 0 0 0
d85b06225513fca5cebf4a08f628f9e474e094bd010a8f96f65c28cee1fedc24 2 2 666 0
ea70d1d0b5b7cf79d2e82d2ad2efbdd29556fd6134467df0931bce14fcf8a309 24 24 158 127
b5de83419b9d8d2d310d76b01d1f16afb44f778ec226e3544f35879827e46cdd 7 6 15 84
11148719673e1e17435aec4452d691da25d906e953bb9914a038797b22c3e6ce 3 3 18 6
f1fac07c2f7f41715fc0d6027394e887b6823ee8d4544dc18751633d75f4f9e2 1 1 15111 0
2488a2d2c2944d30387a08890477c8096ac4a24614c87935ae525574f2583362 95 2 19 20
12b70cc271c613b2622291b55a63756557c3fb5810667f6d2bc56651b36551eb 13 13 1671 54
3be17810e140d0ac48531d23dcabc5ff2d7ab7e265db98f3bb2980b199c86015 7 5 7943 2
514b172775b62b5ecc1be79ea74e95c3a2e0e3b60c4760e9bace74d447799244 16 4 2611 2560
a89b1d38b9f72a7a90c35aa46fb52d98e275f594f6e41dcd6b28cdab81873b9f 2775 1 15 113
8b04cb7ec8fd0f69e05516681720b0ce2ee8f60aee59e9e8b8e669fe76a7eac6 2 2 2343 0
3ccc6588e4c4be9959d6c6eb5bfba94725da50612679d4b7ee03b16e1bbd42f2 15 12 3478 195
d0e7df928d6e6120c2d412d316b25d0172b7c4c37e6aef72b1c719fa9b72912f 122 0 0 0
087372731250cf0e524a19e8523809e8cdcebc810163a528ac2d8a43ba365305 6 4 28 4
10b892ea46c6dfa87e5c8ac993a250fa87d688605d2e1b33278bbc3f005d7c58 2 2 27 1
3670df4e867eaa65bb83e73e2470d37c11a65cf0378f24ff4bc3587ed047f8cc 1523 0 0 0
3803bdd4403a9b2e059e3dfbc27bcdcdcc30712c71015894bf326197ad3a723d 4 0 0 0
480bba663675bb11a7c43159ebe7d6f9c53cdd666aacd30b038fab3383c5316f 3 3 100 11
44d066579ea013db066dbb6d1f2594e911fabda5da8e2d2ce423e6b2bc959597 9 9 3757 675
8c30a62451311ba406d81b5610db4424d206348db5c32e8d3717077f19e4f066 5 5 90824 6
2dbea1a20789b505a483249243e8cc7fa70caad2b7a850d9e63757fb0a618382 26 26 14061 6308
5fac0c2fa19166ffd4c0452fd7291ab4b041692e15e3a6839052190e8455aa00 10 3 173 7
016e2f32eac266411f2d17f04e551a56990c914a60e3f03d78bd09ba8fff0610 2 1 255 6
7ddd51d6defca378aecbdab18a4979fa8dbc28084d99f1a62ce120c1843abec9 22 0 0 0
af935b8e37150bddf07b3d6aa4ff58c2b27c331ac60de59ff779dd0e1f38b844 1 1 370 0
f392730f952a4adb30ae08b550a2914fe2d8543af155fe3816f0ad4bca10d26e 4 4 1771 15
5a9832f2d2931e73c17b6e0f2d294da4bec441dbdfed71f7ef1ccb1f99e1c31f 10 10 134 75
18f618370df66dfc203123c76cc7a8b8e3b2376aeafd3814ce10a389fa8687a5 151 0 0 0
dae051258a3f4524e5f805858a1e3dc7f35cbe50316b56fb9f36e480e8218937 1 1 10582 0
56bda7d763e53f84091c8d22171efcaae905d2b0efe2b0e48b20dfca2ef9a6df 1 1 3419 0
3836bb72f00b1437664a281fda6960e8f3c04658f02fe76ab233f5d05d08f5a6 329 4 1029 55
2bb655ad738c2fc5a89c261a69c7a4bb0d41e5b62f1cfdaf6a1c53a5cab5efbd 176 0 0 0
3961ca130296a7b134aa9ad5f65927a5155f21da0ef5293aa2dca78d57f92cc1 7 6 1515 38
96c7e0dc0d7f59a6c44decadcead3e5754600f5ec56896a2ae8fafbee35ef132 3042 0 0 0
10abbdca7d498fe51f133af5119c90e9d57fabf8f9cec88b655c096fab371753 17252 0 0 0
e5097fc9c3536a2bbccd36ec378ba7e4c13515c033e4ac614eba9d7ffe091899 11 11 445 16
13581958d54516932d6cd6f68b2a97ed0a807a57a390e50d2708465ea5ba2bb8 1 1 88 0
ab4f91a09d88d84375760224aab64fe659c5033c2ec0fd8a56759c9c7e4707ef 17 9 921 276
3d8d87c5f980df19e1df0f06df2265be873fe7189599f0b17b1bd581ca465b2f 5 5 439 163
25ee7027f532a75228ee0758d86cd6ad26d645f23975f20516dbd864467de6f6 538 0 0 0
0fb0ddcee714b5be1eea5ab70619e5d0c13c2f14d06f4d80a9caef37570f0aff 13 13 898 393
bd57c934cfd66a7dfb9a50b0d4544f402992b6de4a1eaa567f4f716136965410 115 0 0 0
edb98c28fc460007150863babaeb3f90e3e63a115c1f756c9a9c17a246c3112d 3534 0 0 0
9f557c301132bd8c8e3749e272cc5350785c642edbfa3772694d329714243a8b 1 1 227 0
0ebad1eb840eaffcb25273a6bd848dbff1e47888555eddb09ec6481920c25672 4 4 902 20
771860ccf2eabc7d4e09e6528f3c0ad82ea98c167a7de11a8e25db3b4bb9e7e8 216 1 297 238
b2d8a3a02a0c7a110f2218e5f6de0983b1683be0e71b11f715a456f4125c021c 1 1 12631 0
1611fd41ccdcbb46e1fcb698a019734333f04c5430f452f1d4e5ccb34748ed24 270 1 2 1
c65b11e73c7b5321d69279abf03161c0ed6a3feac23153ef70eb873ea363a707 446 2 2 98
152eb8fc4c9bffba645cdb8f4027e8571548d36a1c51fabad95c55544af67155 75 1 14 8
e2995cf5d3f719f260098b99b1af7a50e577c332da44f441881c0a5a125d8016 49301 4 25 17
8baf4c935415cb2b024af60ffac2e7ef2b48af9248e486c325cb354a9f4539fb 7 1 9 8
324112f98d42f19821b9c25c135829f8dfdad983aa3604c0fef91c0200be7e0c 2 2 2138 6
e1f7abe7dcb52b2325ff311b379de37739145af8ba5852a4d65ba363bbbf6880 1 1 1389 0
f6960d17028dcd9a2381efee59970a60c2758a0d5c54839953f88cea30aa683d 1 1 1698 0
56faec8d3c9322f934bc020347813de87e977918b70f9baeac0df03768e0529c 1 1 3802 0
aa6e2738f69d14f2f016da80fe878608cf4574a62c25a21306ff5e4287bff275 1047 4 62 1
e2b5f836c919b2099651d2f832beb72d12750bfd79662e2e771b443bee04f6d7 482 1 45 0
7ce603c9af84eac0c5e8e939da7868d6a4b93600de29ec0331c0947a2ebb2ea2 2861 40 169 111
8273963d07ee1b4d6c3812ba780750604a038071c9d766f526c82a355633dc0f 49075 0 0 0
1999dbe97d4cf1135411bb95e45fdc903545616d4749e8c2952714d05ffa2eea 3 3 1626 0
ebf20f09d2da3add6f479f128981c1fd89c314dcc13a224fe0bfadddc539f74f 10 1 3 0
6235d83752d301039d4989ed06878636c588cc53e39c2444c4cd0a32a9afed58 2 2 1706 300
4fa3acd5e0b823c8b056c61e6c946ae973556d7487e1ab7918edbdeebe0422e0 136 0 0 0
8c20518948159cb2fe65c5996be8c80b9fd8fd4b09775df66f78efccaf94a64a 153 0 0 0